0.000000000000000000e+00
1.020000000000000000e+02
2.050000000000000000e+02
3.040000000000000000e+02
4.130000000000000000e+02
5.130000000000000000e+02
6.180000000000000000e+02
7.320000000000000000e+02
8.430000000000000000e+02
9.610000000000000000e+02
1.068000000000000000e+03
1.171000000000000000e+03
1.268000000000000000e+03
1.360000000000000000e+03
1.472000000000000000e+03
1.572000000000000000e+03
1.683000000000000000e+03
1.773000000000000000e+03
1.876000000000000000e+03
1.971000000000000000e+03
2.066000000000000000e+03
2.162000000000000000e+03
2.263000000000000000e+03
2.346000000000000000e+03
2.433000000000000000e+03
2.527000000000000000e+03
2.629000000000000000e+03
2.746000000000000000e+03
2.855000000000000000e+03
2.945000000000000000e+03
3.033000000000000000e+03
3.148000000000000000e+03
3.259000000000000000e+03
3.370000000000000000e+03
3.474000000000000000e+03
3.588000000000000000e+03
3.700000000000000000e+03
3.807000000000000000e+03
3.906000000000000000e+03
3.999000000000000000e+03
4.102000000000000000e+03
4.206000000000000000e+03
4.317000000000000000e+03
4.429000000000000000e+03
4.530000000000000000e+03
4.626000000000000000e+03
4.730000000000000000e+03
4.825000000000000000e+03
4.892000000000000000e+03
4.982000000000000000e+03
5.083000000000000000e+03
5.194000000000000000e+03
5.312000000000000000e+03
5.428000000000000000e+03
5.538000000000000000e+03
5.643000000000000000e+03
5.737000000000000000e+03
5.859000000000000000e+03
5.958000000000000000e+03
6.058000000000000000e+03
6.160000000000000000e+03
6.271000000000000000e+03
6.373000000000000000e+03
6.480000000000000000e+03
6.587000000000000000e+03
6.700000000000000000e+03
6.806000000000000000e+03
6.912000000000000000e+03
7.024000000000000000e+03
7.127000000000000000e+03
7.222000000000000000e+03
7.326000000000000000e+03
7.431000000000000000e+03
7.525000000000000000e+03
7.622000000000000000e+03
7.713000000000000000e+03
7.810000000000000000e+03
7.895000000000000000e+03
7.977000000000000000e+03
8.091000000000000000e+03
8.201000000000000000e+03
8.295000000000000000e+03
8.411000000000000000e+03
8.519000000000000000e+03
8.621000000000000000e+03
8.713000000000000000e+03
8.816000000000000000e+03
8.921000000000000000e+03
9.002000000000000000e+03
9.108000000000000000e+03
9.191000000000000000e+03
9.296000000000000000e+03
9.415000000000000000e+03
9.519000000000000000e+03
9.626000000000000000e+03
9.716000000000000000e+03
9.816000000000000000e+03
9.903000000000000000e+03
1.002300000000000000e+04
1.012100000000000000e+04
1.022200000000000000e+04
1.033900000000000000e+04
1.044600000000000000e+04
1.054900000000000000e+04
1.064700000000000000e+04
1.075700000000000000e+04
1.087100000000000000e+04
1.098100000000000000e+04
1.110100000000000000e+04
1.120100000000000000e+04
1.130600000000000000e+04
1.142100000000000000e+04
1.150800000000000000e+04
1.161200000000000000e+04
1.169900000000000000e+04
1.178700000000000000e+04
1.189300000000000000e+04
1.201300000000000000e+04
1.210700000000000000e+04
1.220400000000000000e+04
1.230900000000000000e+04
1.242500000000000000e+04
1.252100000000000000e+04
1.261100000000000000e+04
1.272100000000000000e+04
1.281800000000000000e+04
1.294500000000000000e+04
1.304500000000000000e+04
1.314200000000000000e+04
1.324100000000000000e+04
1.333800000000000000e+04
1.343900000000000000e+04
1.353900000000000000e+04
1.364200000000000000e+04
1.372900000000000000e+04
1.382000000000000000e+04
1.392500000000000000e+04
1.402500000000000000e+04
1.411700000000000000e+04
1.421700000000000000e+04
1.431900000000000000e+04
1.441100000000000000e+04
1.451700000000000000e+04
1.462500000000000000e+04
1.472400000000000000e+04
1.484500000000000000e+04
1.495000000000000000e+04
1.504300000000000000e+04
1.514900000000000000e+04
1.524200000000000000e+04
1.533900000000000000e+04
1.545700000000000000e+04
1.555800000000000000e+04
1.566700000000000000e+04
1.576600000000000000e+04
1.586700000000000000e+04
1.596900000000000000e+04
1.607800000000000000e+04
1.617200000000000000e+04
1.629200000000000000e+04
1.639200000000000000e+04
1.647700000000000000e+04
1.657700000000000000e+04
1.667900000000000000e+04
1.678200000000000000e+04
1.688500000000000000e+04
1.698700000000000000e+04
1.708300000000000000e+04
1.719900000000000000e+04
1.729200000000000000e+04
1.740200000000000000e+04
1.751600000000000000e+04
1.761500000000000000e+04
1.773700000000000000e+04
1.785100000000000000e+04
1.796500000000000000e+04
1.806400000000000000e+04
1.815400000000000000e+04
1.825800000000000000e+04
1.836600000000000000e+04
1.846300000000000000e+04
1.856700000000000000e+04
1.867800000000000000e+04
1.877900000000000000e+04
1.889200000000000000e+04
1.901300000000000000e+04
1.911200000000000000e+04
1.922400000000000000e+04
1.932100000000000000e+04
1.943400000000000000e+04
1.953100000000000000e+04
1.962700000000000000e+04
1.973100000000000000e+04
1.984100000000000000e+04
1.994300000000000000e+04
2.006500000000000000e+04
2.015800000000000000e+04
2.025100000000000000e+04
2.035600000000000000e+04
2.045500000000000000e+04
2.055300000000000000e+04
2.065400000000000000e+04
2.076800000000000000e+04
2.087200000000000000e+04
2.098100000000000000e+04
2.108800000000000000e+04
2.117400000000000000e+04
2.128600000000000000e+04
2.138500000000000000e+04
2.148200000000000000e+04
2.158800000000000000e+04
2.167800000000000000e+04
2.178100000000000000e+04
2.188200000000000000e+04
2.198700000000000000e+04
2.210000000000000000e+04
2.220400000000000000e+04
2.230700000000000000e+04
2.242200000000000000e+04
2.253100000000000000e+04
2.264100000000000000e+04
2.273600000000000000e+04
2.282900000000000000e+04
2.292500000000000000e+04
2.304100000000000000e+04
2.314000000000000000e+04
2.322900000000000000e+04
2.333800000000000000e+04
2.345500000000000000e+04
2.355500000000000000e+04
2.365000000000000000e+04
2.374800000000000000e+04
2.383400000000000000e+04
2.392900000000000000e+04
2.404200000000000000e+04
2.414400000000000000e+04
2.423000000000000000e+04
2.435000000000000000e+04
2.444900000000000000e+04
2.454700000000000000e+04
2.464000000000000000e+04
2.473100000000000000e+04
2.484300000000000000e+04
2.495300000000000000e+04
2.504900000000000000e+04
2.514500000000000000e+04
2.524100000000000000e+04
2.534200000000000000e+04
2.546000000000000000e+04
2.556200000000000000e+04
2.567600000000000000e+04
2.576500000000000000e+04
2.585700000000000000e+04
2.597000000000000000e+04
2.608100000000000000e+04
2.618700000000000000e+04
2.627300000000000000e+04
2.637700000000000000e+04
2.647400000000000000e+04
2.657600000000000000e+04
2.666100000000000000e+04
2.675400000000000000e+04
2.686100000000000000e+04
2.697400000000000000e+04
2.707700000000000000e+04
2.718500000000000000e+04
2.729900000000000000e+04
2.739100000000000000e+04
2.748400000000000000e+04
2.757700000000000000e+04
2.767500000000000000e+04
2.776500000000000000e+04
2.786400000000000000e+04
2.797600000000000000e+04
2.806000000000000000e+04
2.816200000000000000e+04
2.824900000000000000e+04
2.835400000000000000e+04
2.845400000000000000e+04
2.855600000000000000e+04
2.864400000000000000e+04
2.875300000000000000e+04
2.885500000000000000e+04
2.896600000000000000e+04
2.904600000000000000e+04
2.914900000000000000e+04
2.924300000000000000e+04
2.933900000000000000e+04
2.946700000000000000e+04
2.958600000000000000e+04
2.968500000000000000e+04
2.977800000000000000e+04
2.989300000000000000e+04
3.000300000000000000e+04
3.010700000000000000e+04
3.021600000000000000e+04
3.031700000000000000e+04
3.042800000000000000e+04
3.052700000000000000e+04
3.062900000000000000e+04
3.073100000000000000e+04
3.084400000000000000e+04
3.093200000000000000e+04
3.103800000000000000e+04
3.112600000000000000e+04
3.123700000000000000e+04
3.133900000000000000e+04
3.144100000000000000e+04
3.155400000000000000e+04
3.165200000000000000e+04
3.174900000000000000e+04
3.185500000000000000e+04
3.194900000000000000e+04
3.206200000000000000e+04
3.216500000000000000e+04
3.228300000000000000e+04
3.239500000000000000e+04
3.248400000000000000e+04
3.257700000000000000e+04
3.269500000000000000e+04
3.279900000000000000e+04
3.291300000000000000e+04
3.301900000000000000e+04
3.311400000000000000e+04
3.319900000000000000e+04
3.330900000000000000e+04
3.339000000000000000e+04
3.349300000000000000e+04
3.358400000000000000e+04
3.368800000000000000e+04
3.379000000000000000e+04
3.387900000000000000e+04
3.397500000000000000e+04
3.407700000000000000e+04
3.417100000000000000e+04
3.428500000000000000e+04
3.439900000000000000e+04
3.449300000000000000e+04
3.459500000000000000e+04
3.470800000000000000e+04
3.480400000000000000e+04
3.490400000000000000e+04
3.501300000000000000e+04
3.511100000000000000e+04
3.522000000000000000e+04
3.533100000000000000e+04
3.542900000000000000e+04
3.553400000000000000e+04
3.563400000000000000e+04
3.572700000000000000e+04
3.583000000000000000e+04
3.592100000000000000e+04
3.601800000000000000e+04
3.612500000000000000e+04
3.621300000000000000e+04
3.631300000000000000e+04
3.640700000000000000e+04
3.651300000000000000e+04
3.660400000000000000e+04
3.671600000000000000e+04
3.682000000000000000e+04
3.692600000000000000e+04
3.704900000000000000e+04
3.714700000000000000e+04
3.723200000000000000e+04
3.733000000000000000e+04
3.744500000000000000e+04
3.753500000000000000e+04
3.763800000000000000e+04
3.774800000000000000e+04
3.785200000000000000e+04
3.795600000000000000e+04
3.805100000000000000e+04
3.814400000000000000e+04
3.824600000000000000e+04
3.835800000000000000e+04
3.846700000000000000e+04
3.857000000000000000e+04
3.868100000000000000e+04
3.876300000000000000e+04
3.886200000000000000e+04
3.897900000000000000e+04
3.908500000000000000e+04
3.918600000000000000e+04
3.928400000000000000e+04
3.938100000000000000e+04
3.947100000000000000e+04
3.957800000000000000e+04
3.968100000000000000e+04
3.977600000000000000e+04
3.988200000000000000e+04
3.996900000000000000e+04
4.006700000000000000e+04
4.015900000000000000e+04
4.026500000000000000e+04
4.035600000000000000e+04
4.044800000000000000e+04
4.054900000000000000e+04
4.065100000000000000e+04
4.076200000000000000e+04
4.086200000000000000e+04
4.097000000000000000e+04
4.106400000000000000e+04
4.116800000000000000e+04
4.127200000000000000e+04
4.137600000000000000e+04
4.147300000000000000e+04
4.159100000000000000e+04
4.170300000000000000e+04
4.181200000000000000e+04
4.191500000000000000e+04
4.202000000000000000e+04
4.213400000000000000e+04
4.223500000000000000e+04
4.232600000000000000e+04
4.241400000000000000e+04
4.252500000000000000e+04
4.263000000000000000e+04
4.274100000000000000e+04
4.284600000000000000e+04
4.295900000000000000e+04
4.306100000000000000e+04
4.316000000000000000e+04
4.326800000000000000e+04
4.337200000000000000e+04
4.348100000000000000e+04
4.358600000000000000e+04
4.369700000000000000e+04
4.378600000000000000e+04
4.389300000000000000e+04
4.400200000000000000e+04
4.413200000000000000e+04
4.423900000000000000e+04
4.433400000000000000e+04
4.444400000000000000e+04
4.454300000000000000e+04
4.465200000000000000e+04
4.475500000000000000e+04
4.485900000000000000e+04
4.497600000000000000e+04
4.507200000000000000e+04
4.517000000000000000e+04
4.527400000000000000e+04
4.537500000000000000e+04
4.548400000000000000e+04
4.558500000000000000e+04
4.569700000000000000e+04
4.580700000000000000e+04
4.590500000000000000e+04
4.599900000000000000e+04
4.610100000000000000e+04
4.621100000000000000e+04
4.629800000000000000e+04
4.639300000000000000e+04
4.650100000000000000e+04
4.660000000000000000e+04
4.670400000000000000e+04
4.681900000000000000e+04
4.691900000000000000e+04
4.702600000000000000e+04
4.712300000000000000e+04
4.721300000000000000e+04
4.732700000000000000e+04
4.741600000000000000e+04
4.752700000000000000e+04
4.763800000000000000e+04
4.774200000000000000e+04
4.785400000000000000e+04
4.795200000000000000e+04
4.804100000000000000e+04
4.814300000000000000e+04
4.826200000000000000e+04
4.835400000000000000e+04
4.845100000000000000e+04
4.854700000000000000e+04
4.866300000000000000e+04
4.877200000000000000e+04
4.887700000000000000e+04
4.897800000000000000e+04
4.908500000000000000e+04
4.918600000000000000e+04
4.930200000000000000e+04
4.938600000000000000e+04
4.949000000000000000e+04
4.958400000000000000e+04
4.968200000000000000e+04
4.978700000000000000e+04
4.987500000000000000e+04
4.999000000000000000e+04
5.010400000000000000e+04
5.020900000000000000e+04
5.031800000000000000e+04
5.041200000000000000e+04
5.051600000000000000e+04
5.061200000000000000e+04
5.071900000000000000e+04
5.082900000000000000e+04
5.092900000000000000e+04
5.103800000000000000e+04
5.113300000000000000e+04
5.122900000000000000e+04
5.132200000000000000e+04
5.142700000000000000e+04
5.151600000000000000e+04
5.163900000000000000e+04
5.174000000000000000e+04
5.184100000000000000e+04
5.194100000000000000e+04
5.205000000000000000e+04
5.214800000000000000e+04
5.224000000000000000e+04
5.233200000000000000e+04
5.242800000000000000e+04
