2.304000000000000000e+03
2.675000000000000000e+03
2.587000000000000000e+03
2.452000000000000000e+03
2.511000000000000000e+03
2.737000000000000000e+03
2.328000000000000000e+03
2.534000000000000000e+03
3.095000000000000000e+03
2.648000000000000000e+03
2.736000000000000000e+03
2.129000000000000000e+03
2.194000000000000000e+03
2.828000000000000000e+03
2.321000000000000000e+03
2.829000000000000000e+03
2.100000000000000000e+03
2.551000000000000000e+03
2.482000000000000000e+03
2.322000000000000000e+03
2.105000000000000000e+03
2.790000000000000000e+03
1.989000000000000000e+03
2.113000000000000000e+03
2.350000000000000000e+03
2.222000000000000000e+03
2.835000000000000000e+03
2.759000000000000000e+03
2.311000000000000000e+03
2.187000000000000000e+03
2.884000000000000000e+03
2.722000000000000000e+03
2.835000000000000000e+03
2.558000000000000000e+03
2.917000000000000000e+03
2.643000000000000000e+03
2.724000000000000000e+03
2.317000000000000000e+03
2.285000000000000000e+03
2.391000000000000000e+03
2.518000000000000000e+03
2.774000000000000000e+03
2.900000000000000000e+03
2.306000000000000000e+03
2.546000000000000000e+03
2.494000000000000000e+03
2.127000000000000000e+03
1.527000000000000000e+03
2.208000000000000000e+03
2.592000000000000000e+03
2.710000000000000000e+03
3.094000000000000000e+03
2.762000000000000000e+03
2.828000000000000000e+03
2.815000000000000000e+03
2.181000000000000000e+03
2.918000000000000000e+03
2.562000000000000000e+03
2.646000000000000000e+03
2.516000000000000000e+03
2.589000000000000000e+03
2.457000000000000000e+03
2.895000000000000000e+03
2.476000000000000000e+03
3.009000000000000000e+03
2.507000000000000000e+03
2.561000000000000000e+03
2.696000000000000000e+03
2.396000000000000000e+03
2.376000000000000000e+03
2.853000000000000000e+03
2.861000000000000000e+03
2.498000000000000000e+03
2.475000000000000000e+03
2.252000000000000000e+03
2.242000000000000000e+03
2.080000000000000000e+03
2.206000000000000000e+03
2.793000000000000000e+03
2.812000000000000000e+03
2.218000000000000000e+03
2.705000000000000000e+03
2.704000000000000000e+03
2.637000000000000000e+03
2.247000000000000000e+03
2.437000000000000000e+03
2.711000000000000000e+03
2.063000000000000000e+03
2.881000000000000000e+03
1.902000000000000000e+03
2.553000000000000000e+03
2.863000000000000000e+03
2.575000000000000000e+03
2.638000000000000000e+03
2.185000000000000000e+03
2.352000000000000000e+03
2.012000000000000000e+03
2.926000000000000000e+03
2.563000000000000000e+03
2.521000000000000000e+03
2.532000000000000000e+03
2.403000000000000000e+03
2.278000000000000000e+03
2.502000000000000000e+03
2.210000000000000000e+03
3.171000000000000000e+03
2.880000000000000000e+03
3.195000000000000000e+03
2.601000000000000000e+03
2.772000000000000000e+03
3.064000000000000000e+03
1.776000000000000000e+03
2.642000000000000000e+03
1.954000000000000000e+03
2.190000000000000000e+03
2.603000000000000000e+03
2.829000000000000000e+03
2.235000000000000000e+03
2.469000000000000000e+03
2.630000000000000000e+03
2.597000000000000000e+03
2.576000000000000000e+03
2.134000000000000000e+03
2.486000000000000000e+03
2.268000000000000000e+03
3.194000000000000000e+03
2.648000000000000000e+03
2.475000000000000000e+03
2.363000000000000000e+03
2.405000000000000000e+03
2.427000000000000000e+03
2.521000000000000000e+03
2.893000000000000000e+03
2.216000000000000000e+03
2.139000000000000000e+03
2.568000000000000000e+03
2.155000000000000000e+03
2.223000000000000000e+03
2.444000000000000000e+03
2.273000000000000000e+03
2.373000000000000000e+03
2.493000000000000000e+03
2.330000000000000000e+03
2.377000000000000000e+03
2.493000000000000000e+03
2.613000000000000000e+03
2.219000000000000000e+03
2.589000000000000000e+03
2.345000000000000000e+03
2.388000000000000000e+03
2.751000000000000000e+03
2.335000000000000000e+03
2.383000000000000000e+03
2.421000000000000000e+03
2.715000000000000000e+03
2.762000000000000000e+03
2.484000000000000000e+03
2.139000000000000000e+03
3.123000000000000000e+03
2.612000000000000000e+03
1.973000000000000000e+03
2.446000000000000000e+03
2.112000000000000000e+03
2.490000000000000000e+03
2.628000000000000000e+03
2.487000000000000000e+03
2.364000000000000000e+03
2.778000000000000000e+03
2.434000000000000000e+03
2.690000000000000000e+03
2.843000000000000000e+03
2.500000000000000000e+03
3.480000000000000000e+03
2.712000000000000000e+03
2.661000000000000000e+03
2.203000000000000000e+03
2.419000000000000000e+03
2.614000000000000000e+03
2.527000000000000000e+03
2.433000000000000000e+03
2.807000000000000000e+03
2.818000000000000000e+03
2.684000000000000000e+03
2.842000000000000000e+03
3.148000000000000000e+03
2.591000000000000000e+03
2.713000000000000000e+03
2.471000000000000000e+03
2.708000000000000000e+03
2.605000000000000000e+03
2.240000000000000000e+03
2.482000000000000000e+03
2.942000000000000000e+03
2.392000000000000000e+03
2.952000000000000000e+03
2.359000000000000000e+03
2.486000000000000000e+03
2.734000000000000000e+03
2.548000000000000000e+03
2.400000000000000000e+03
2.378000000000000000e+03
2.985000000000000000e+03
2.489000000000000000e+03
2.586000000000000000e+03
2.560000000000000000e+03
1.804000000000000000e+03
2.704000000000000000e+03
2.670000000000000000e+03
2.397000000000000000e+03
2.979000000000000000e+03
2.323000000000000000e+03
2.707000000000000000e+03
2.420000000000000000e+03
2.537000000000000000e+03
2.841000000000000000e+03
2.621000000000000000e+03
2.613000000000000000e+03
2.991000000000000000e+03
2.474000000000000000e+03
2.789000000000000000e+03
2.446000000000000000e+03
2.246000000000000000e+03
2.433000000000000000e+03
2.839000000000000000e+03
2.589000000000000000e+03
2.247000000000000000e+03
2.803000000000000000e+03
2.749000000000000000e+03
2.601000000000000000e+03
2.472000000000000000e+03
2.024000000000000000e+03
2.186000000000000000e+03
2.210000000000000000e+03
2.773000000000000000e+03
2.513000000000000000e+03
2.166000000000000000e+03
2.969000000000000000e+03
2.513000000000000000e+03
2.180000000000000000e+03
2.513000000000000000e+03
2.360000000000000000e+03
3.108000000000000000e+03
2.514000000000000000e+03
2.349000000000000000e+03
2.112000000000000000e+03
2.235000000000000000e+03
2.527000000000000000e+03
2.869000000000000000e+03
2.379000000000000000e+03
2.882000000000000000e+03
2.371000000000000000e+03
2.258000000000000000e+03
3.061000000000000000e+03
2.606000000000000000e+03
2.500000000000000000e+03
2.121000000000000000e+03
2.473000000000000000e+03
2.299000000000000000e+03
2.337000000000000000e+03
2.171000000000000000e+03
2.280000000000000000e+03
2.555000000000000000e+03
2.905000000000000000e+03
2.563000000000000000e+03
2.827000000000000000e+03
2.899000000000000000e+03
2.256000000000000000e+03
2.206000000000000000e+03
2.381000000000000000e+03
2.535000000000000000e+03
2.378000000000000000e+03
2.444000000000000000e+03
2.709000000000000000e+03
1.996000000000000000e+03
2.690000000000000000e+03
2.026000000000000000e+03
2.392000000000000000e+03
2.528000000000000000e+03
2.581000000000000000e+03
2.014000000000000000e+03
2.553000000000000000e+03
2.389000000000000000e+03
2.878000000000000000e+03
2.192000000000000000e+03
2.637000000000000000e+03
2.207000000000000000e+03
2.083000000000000000e+03
3.136000000000000000e+03
2.709000000000000000e+03
2.495000000000000000e+03
2.248000000000000000e+03
2.689000000000000000e+03
2.713000000000000000e+03
2.707000000000000000e+03
2.418000000000000000e+03
2.570000000000000000e+03
2.770000000000000000e+03
2.321000000000000000e+03
2.195000000000000000e+03
2.517000000000000000e+03
2.927000000000000000e+03
2.440000000000000000e+03
2.638000000000000000e+03
2.300000000000000000e+03
2.849000000000000000e+03
2.645000000000000000e+03
2.791000000000000000e+03
2.880000000000000000e+03
2.328000000000000000e+03
2.367000000000000000e+03
3.034000000000000000e+03
2.200000000000000000e+03
2.457000000000000000e+03
2.377000000000000000e+03
2.733000000000000000e+03
2.575000000000000000e+03
2.124000000000000000e+03
2.420000000000000000e+03
2.982000000000000000e+03
2.972000000000000000e+03
2.811000000000000000e+03
2.543000000000000000e+03
2.617000000000000000e+03
2.228000000000000000e+03
2.777000000000000000e+03
1.917000000000000000e+03
2.410000000000000000e+03
2.193000000000000000e+03
2.717000000000000000e+03
2.579000000000000000e+03
2.188000000000000000e+03
2.420000000000000000e+03
2.330000000000000000e+03
2.343000000000000000e+03
2.695000000000000000e+03
2.991000000000000000e+03
2.163000000000000000e+03
2.459000000000000000e+03
2.629000000000000000e+03
2.254000000000000000e+03
2.593000000000000000e+03
2.886000000000000000e+03
2.670000000000000000e+03
2.721000000000000000e+03
2.862000000000000000e+03
2.300000000000000000e+03
2.558000000000000000e+03
2.472000000000000000e+03
2.222000000000000000e+03
2.712000000000000000e+03
2.109000000000000000e+03
2.530000000000000000e+03
2.707000000000000000e+03
2.057000000000000000e+03
2.397000000000000000e+03
2.115000000000000000e+03
2.589000000000000000e+03
2.228000000000000000e+03
2.880000000000000000e+03
2.751000000000000000e+03
2.436000000000000000e+03
3.192000000000000000e+03
2.654000000000000000e+03
2.237000000000000000e+03
2.431000000000000000e+03
2.811000000000000000e+03
2.339000000000000000e+03
2.849000000000000000e+03
2.577000000000000000e+03
2.411000000000000000e+03
2.375000000000000000e+03
2.375000000000000000e+03
2.165000000000000000e+03
2.527000000000000000e+03
2.649000000000000000e+03
2.783000000000000000e+03
2.417000000000000000e+03
2.641000000000000000e+03
1.899000000000000000e+03
2.444000000000000000e+03
3.027000000000000000e+03
2.641000000000000000e+03
2.278000000000000000e+03
2.470000000000000000e+03
2.293000000000000000e+03
2.050000000000000000e+03
2.474000000000000000e+03
2.660000000000000000e+03
2.389000000000000000e+03
2.347000000000000000e+03
1.880000000000000000e+03
2.425000000000000000e+03
2.259000000000000000e+03
2.572000000000000000e+03
2.248000000000000000e+03
2.162000000000000000e+03
2.446000000000000000e+03
2.835000000000000000e+03
2.844000000000000000e+03
2.500000000000000000e+03
2.687000000000000000e+03
2.195000000000000000e+03
2.514000000000000000e+03
2.802000000000000000e+03
2.380000000000000000e+03
2.705000000000000000e+03
2.796000000000000000e+03
2.658000000000000000e+03
2.522000000000000000e+03
2.219000000000000000e+03
2.554000000000000000e+03
3.014000000000000000e+03
2.344000000000000000e+03
1.840000000000000000e+03
2.312000000000000000e+03
2.616000000000000000e+03
2.823000000000000000e+03
2.837000000000000000e+03
2.578000000000000000e+03
2.475000000000000000e+03
2.521000000000000000e+03
2.629000000000000000e+03
2.692000000000000000e+03
2.726000000000000000e+03
2.724000000000000000e+03
2.533000000000000000e+03
2.558000000000000000e+03
2.114000000000000000e+03
2.645000000000000000e+03
2.671000000000000000e+03
3.287000000000000000e+03
2.949000000000000000e+03
2.296000000000000000e+03
2.889000000000000000e+03
2.637000000000000000e+03
3.228000000000000000e+03
2.656000000000000000e+03
2.683000000000000000e+03
2.852000000000000000e+03
2.472000000000000000e+03
2.436000000000000000e+03
2.498000000000000000e+03
2.271000000000000000e+03
2.676000000000000000e+03
2.260000000000000000e+03
2.771000000000000000e+03
2.761000000000000000e+03
2.476000000000000000e+03
2.275000000000000000e+03
2.414000000000000000e+03
2.662000000000000000e+03
2.105000000000000000e+03
2.367000000000000000e+03
2.729000000000000000e+03
2.478000000000000000e+03
2.445000000000000000e+03
2.897000000000000000e+03
2.312000000000000000e+03
2.373000000000000000e+03
2.556000000000000000e+03
2.313000000000000000e+03
2.705000000000000000e+03
2.259000000000000000e+03
2.917000000000000000e+03
2.766000000000000000e+03
2.565000000000000000e+03
2.915000000000000000e+03
2.401000000000000000e+03
2.163000000000000000e+03
2.671000000000000000e+03
2.710000000000000000e+03
2.609000000000000000e+03
2.605000000000000000e+03
2.262000000000000000e+03
2.786000000000000000e+03
2.729000000000000000e+03
2.626000000000000000e+03
2.586000000000000000e+03
2.475000000000000000e+03
2.513000000000000000e+03
2.851000000000000000e+03
2.041000000000000000e+03
2.495000000000000000e+03
2.114000000000000000e+03
2.478000000000000000e+03
2.622000000000000000e+03
2.566000000000000000e+03
2.681000000000000000e+03
2.805000000000000000e+03
2.635000000000000000e+03
2.838000000000000000e+03
2.531000000000000000e+03
2.362000000000000000e+03
2.528000000000000000e+03
2.459000000000000000e+03
2.659000000000000000e+03
2.439000000000000000e+03
2.829000000000000000e+03
2.363000000000000000e+03
2.256000000000000000e+03
2.388000000000000000e+03
2.545000000000000000e+03
2.070000000000000000e+03
2.948000000000000000e+03
2.315000000000000000e+03
2.323000000000000000e+03
2.577000000000000000e+03
2.721000000000000000e+03
2.460000000000000000e+03
2.392000000000000000e+03
2.057000000000000000e+03
2.485000000000000000e+03
